gCan1_yxz = [-0.00637 -0.36349 0.254829];
gCan2_yxz = [0.321831 0.021975 0.119853];
gCan3_yxz = [0.019184 0.660031 0.145417];
gCan4_yxz = [0.469060 0.529556 0.162432];

rCan1_yxz = [0.395290 -0.50275 0.145219];
rCan2_yxz = [0.022544 0.667331 0.262201];
rCan3_yxz = [0.799540 -0.03222 0.145220];

yCan1_yxz = [0.699558 -0.17194 0.145109];
yCan2_yxz = [0.649963 0.482027 0.136858];
yCan3_yxz = [0.460028 0.449976 0.162434];
yCan4_yxz = [0.359850 0.419759 0.136864];

gBin_yxz = [-0.365985 -0.5 0.4];